2024-01-10 22:10:08.054718, 185.0, 50.0, 14.0
2024-01-10 22:10:33.357430, 205.0, 60.0, 15.0
2024-01-10 22:12:02.989115, 185, 50, 14, 24
2024-01-10 22:12:10.353208, 205, 60, 15, 40
2024-01-10, 185, 50, 14, 24
2024-01-10, 205, 60, 15, 40
2024-01-10, 185, 50, 14, 24.09
2024-01-10, 205, 60, 15, 39.92
2024-01-11, 205, 60, 15, 39.92
2024-01-11, 225, 65, 17, 59.76
2024-01-11, 205, 60, 15, 0
2024-01-11, 205, 60, 15, 0
2024-01-11, 205, 60, 15, 40, 55562439
2024-01-11, 1, 1, 1, 0, 12345
2024-01-11, 245, 55, 19, 64, 7894561
2024-01-11, 275, 55, 20, 86, 12345678910
